0 0.045199 0.57385 0.91006 0.5342 0.68061 0.026739 0.63499 0.60632 0.57593 0.39119 0.37016 0.98049 0.036363 0.021648 0.96103 0.185 
1 0.12388 0.21055 0.80069 0.93693 0.022721 0.42569 0.10143 0.25997 0.22077 0.64705 0.35028 0.18038 0.50355 0.039459 0.10107 0.98826 
2 0.12389 0.21055 0.80073 0.93698 0.022842 0.42554 0.10156 0.25984 0.22091 0.64682 0.35023 0.1803 0.50368 0.039309 0.10083 0.9882 
3 0.19935 0.35856 0.73163 0.83826 0.91848 0.16939 0.67258 0.96654 0.058072 0.67621 0.84536 0.34233 0.25067 0.59683 0.44229 0.17485 
4 0.1994 0.35855 0.73162 0.83841 0.91853 0.16949 0.67262 0.96668 0.05805 0.67623 0.84565 0.34236 0.25058 0.59668 0.44257 0.17474 
5 0.47162 0.40983 0.56917 0.50857 0.31152 0.35703 0.83763 0.25095 0.56049 0.012444 0.74165 0.33598 0.04576 0.28082 0.2401 0.95302 
6 0.47168 0.41 0.56911 0.50866 0.31137 0.35728 0.83772 0.25087 0.56065 0.012451 0.74154 0.33584 0.045676 0.28084 0.24014 0.95321 
7 0.49456 0.31192 0.46688 0.8091 0.87497 0.81232 0.18788 0.99954 0.63314 0.083493 0.72563 0.9868 0.40172 0.67854 0.31624 0.21361 
8 0.49464 0.31213 0.46693 0.80903 0.87506 0.81249 0.18806 0.99932 0.63306 0.083418 0.72553 0.98678 0.40187 0.67847 0.31617 0.2135 
9 0.5646 0.94559 0.67338 0.41996 0.38926 0.29811 0.65808 0.89166 0.49752 0.57032 0.82678 0.56339 0.6346 0.59959 0.97987 0.75826 
10 0.5876 0.44498 0.59631 0.38492 0.57565 0.29032 0.1894 0.18674 0.61274 0.65669 0.47652 0.089829 0.7576 0.87675 0.92335 0.84247 
11 0.65555 0.80817 0.35665 0.27983 0.62136 0.38273 0.82684 0.40105 0.17622 0.36569 0.81617 0.44747 0.52899 0.85372 0.59645 0.26951 
12 0.70487 0.5925 0.51092 0.73621 0.56394 0.57925 0.74973 0.35063 0.44252 0.34807 0.18451 0.43618 0.55885 0.5686 0.63342 0.70407 
13 0.7173 0.0023725 0.82283 0.52836 0.097766 0.11891 0.64915 0.87364 0.28004 0.97851 0.10019 0.85398 0.3967 0.081336 0.27465 0.45304 
14 0.7173 0.0022603 0.82255 0.52835 0.097726 0.11889 0.64943 0.87365 0.27998 0.97852 0.1002 0.85387 0.39666 0.081334 0.27479 0.45284 
15 0.79331 0.082352 0.61281 0.48648 0.63015 0.84508 0.24305 0.73148 0.11713 0.22045 0.79462 0.33254 0.81591 0.10061 0.14632 0.69767 

